1.712534280864109765e-12
5.325817232412729010e-12
1.620178855932150453e-11
4.818503447058283702e-11
1.400613246689384999e-10
3.976692273832609873e-10
1.102139092411892155e-09
2.980802711057759442e-09
7.864397247320648059e-09
2.022743586545923856e-08
5.069557738462981996e-08
1.237964164569243324e-07
2.943741022394245684e-07
6.812718863965767206e-07
1.534444848183034216e-06
3.362092760639436142e-06
7.162127572093795417e-06
1.483423776726461954e-05
2.986261647331748924e-05
5.839508507537254745e-05
1.109350954700012834e-04
2.046716809909567599e-04
3.665322422411258470e-04
6.372804749340447257e-04
1.075302255427269815e-03
1.760208554831286252e-03
2.795961628287416470e-03
4.307106293619854774e-03
6.435048821643391849e-03
9.324739291948618350e-03
1.309754294747230395e-02
1.783897692295867421e-02
2.355461671836812584e-02
3.014071853772559706e-02
3.739148245771042878e-02
4.494781708202884307e-02
5.236944960284884570e-02
5.913918384615586554e-02
6.470117698776013671e-02
6.861322642620175383e-02
7.049638144420182495e-02
7.019705621526059480e-02
6.774290386401138342e-02
6.333956176530715354e-02
5.740610067854907961e-02
5.041074430977024456e-02
4.291336201971372721e-02
3.540393215492702167e-02
2.831019622848866824e-02
2.194842670407278970e-02
1.649241246926731741e-02
1.201728413514291383e-02
8.488387081340894105e-03
5.815294819519878540e-03
3.863062924266845791e-03
2.489033134235791624e-03
1.555708265937473696e-03
9.431826086177679284e-04
5.548866835787567365e-04
3.167227220862800594e-04
1.754714172786264346e-04
9.434266544351763010e-05
4.924851340213949326e-05
2.495600653021984929e-05
1.228179410795841163e-05
5.869429978048211615e-06
2.724852845997391772e-06
1.228850894570205808e-06
5.385041724143480874e-07
2.293255170912362942e-07
9.492496173248750601e-08
3.819769602721478944e-08
1.494543985663909841e-08
5.686691595195898813e-09
2.104667387014021595e-09
7.577753521535943064e-10
2.654809872713537355e-10
9.051396389809708069e-11
3.004015609386026814e-11
9.705879501399167072e-12
3.053839432570631527e-12
9.357531830986603620e-13
2.793401689699994434e-13
8.123941344335739934e-14
2.302718595472900429e-14
6.361124636459885186e-15
1.713375131230098948e-15
4.499356526199679591e-16
1.152548199705065311e-16
2.879476958886067174e-17
7.020431695367192575e-18
1.670050015965009201e-18
3.878495016423645169e-19
8.792207407431099168e-20
1.946500190575023741e-20
4.208512852458029565e-21
8.888945581272585235e-22
1.834500016698725004e-22
3.699713920862923430e-23
7.294104752103423359e-24
