2.438255422412351879e-39
3.077912849257424369e-38
2.521928964862109320e-37
1.335723376063194584e-36
6.910295336265557636e-36
4.190170224696553920e-35
2.070939313930732198e-34
8.664442152373390265e-34
4.743582015277873321e-33
3.602794650107021629e-32
2.775431688674225984e-31
2.282341342665148326e-30
1.296285517868654595e-29
8.463925421588123483e-29
6.242400186803897404e-28
4.501157897261030060e-27
2.752001506955376008e-26
1.771616415415527349e-25
7.228425201254838759e-25
2.769367681450980721e-24
1.210566618117003274e-23
5.772884428830244716e-23
2.823815150409136200e-22
1.124786369608486974e-21
4.484690311785358079e-21
1.662938558184589793e-20
5.598340444493468348e-20
2.263410565374024883e-19
8.632987979455850194e-19
3.190734185943210029e-18
1.236097755640648382e-17
5.903619085071229840e-17
2.906751536195557425e-16
1.359089502746297218e-15
5.717929373978802520e-15
2.519487278401996675e-14
1.108788708122476569e-13
7.488591085526444320e-13
6.260068606090911727e-12
5.669137474732774831e-11
4.390386013348946986e-10
3.229572480707875039e-09
2.459773129590242353e-08
1.720122588175962774e-07
9.126945581274533843e-07
4.069671230887257067e-06
1.547091422805237196e-05
5.214206686730795857e-05
1.811032162275944544e-04
5.563312290391173942e-04
1.607998726077739622e-03
4.954906341894694220e-03
1.297086319405729368e-02
3.464123168865380215e-02
7.022900613161960071e-02
1.167890686105304138e-01
1.547613348116912424e-01
1.731669688160159815e-01
1.560229333441265631e-01
1.263154566730288197e-01
7.885832528791371365e-02
4.029942685199198321e-02
1.751293116909678066e-02
7.264981983927545559e-03
2.547456904438772599e-03
7.958506104248444252e-04
2.737175945285744106e-04
1.139646541768162956e-04
4.394277068590175458e-05
1.400819434193792858e-05
3.987570937754706861e-06
1.052871379915325564e-06
2.722163258318371711e-07
6.663901240561449437e-08
1.375035208234675518e-08
2.141141036134984517e-09
2.706973676963531501e-10
3.796409750487472473e-11
7.043180631402212991e-12
1.132437804852468778e-12
1.656118381104185375e-13
2.505504647235503990e-14
3.613279437101625161e-15
4.609429437090283536e-16
6.361044927227297262e-17
9.104115742625554513e-18
1.498365249716256664e-18
2.387495137500361336e-19
3.922729258540011670e-20
5.546414917089070106e-21
6.672306236720504954e-22
7.773821238214434578e-23
6.669328476096746609e-24
1.676219139579285988e-25
0.000000000000000000e+00
0.000000000000000000e+00
0.000000000000000000e+00
0.000000000000000000e+00
0.000000000000000000e+00
0.000000000000000000e+00
